N,1,    0,2800,0,   3000,2800,0,    0,5800,0,   3000,5800,0,    0,2800,3000,   3000,2800,3000,    0,5800,3000,   3000,5800,3000,A
N,2,    0,2800,3000,   3000,2800,3000,    0,5800,3000,   3000,5800,3000,    0,2800,6000,   3000,2800,6000,    0,5800,6000,   3000,5800,6000,A
N,3,    0,2800,6000,   3000,2800,6000,    0,5800,6000,   3000,5800,6000,    0,2800,9000,   3000,2800,9000,    0,5800,9000,   3000,5800,9000,A
N,4,    0,2800,9000,   3000,2800,9000,    0,5800,9000,   3000,5800,9000,    0,2800,12000,   3000,2800,12000,    0,5800,12000,   3000,5800,12000,A

N,5,    1500,0,0,   4300,0,0,   1500,2800,0,   4300,2800,0,    1500,0,2800,   4300,0,2800,   1500,2800,2800,   4300,2800,2800,A
N,6,    1500,0,2800,   4300,0,2800,   1500,2800,2800,   4300,2800,2800,    1500,0,5600,   4300,0,5600,   1500,2800,5600,   4300,2800,5600,A
N,7,    1500,0,5600,   4300,0,5600,   1500,2800,5600,   4300,2800,5600,    1500,0,8400,   4300,0,8400,   1500,2800,8400,   4300,2800,8400,A
N,8,    1500,0,8400,   4300,0,8400,   1500,2800,8400,   4300,2800,8400,    1500,0,12000,   4300,0,12000,   1500,2800,12000,   4300,2800,12000,A

N,9,    3000,2800,0,   5000,2800,0,   3000,4800,0,   5000,4800,0,    3000,2800,2000,   5000,2800,2000,   3000,4800,2000,   5000,4800,2000,A
N,10,    3000,2800,2000,   5000,2800,2000,   3000,4800,2000,   5000,4800,2000,    3000,2800,4000,   5000,2800,4000,   3000,4800,4000,   5000,4800,4000,A
N,11,    3000,2800,4000,   5000,2800,4000,   3000,4800,4000,   5000,4800,4000,    3000,2800,6000,   5000,2800,6000,   3000,4800,6000,   5000,4800,6000,A
N,12,    3000,2800,6000,   5000,2800,6000,   3000,4800,6000,   5000,4800,6000,    3000,2800,8000,   5000,2800,8000,   3000,4800,8000,   5000,4800,8000,A
N,13,    3000,2800,8000,   5000,2800,8000,   3000,4800,8000,   5000,4800,8000,    3000,2800,10000,   5000,2800,10000,   3000,4800,10000,   5000,4800,10000,A